
(-3,  3,  3) | (0,  3,  3) | (3,  3,  3)	  0 |  1 |  2
-------------|-------------|------------	----|----|----
(-3,  0,  3) | (0,  0,  3) | (3,  0,  3)	  3 |  4 |  5
-------------|-------------|------------	----|----|----
(-3, -3,  3) | (0, -3,  3) | (3, -3,  3)	  6 |  7 |  8

(-3,  3,  0) | (0,  3,  0) | (3,  3,  0)	  9 | 10 | 11
-------------|-------------|------------	----|----|----
(-3,  0,  0) |		   | (3,  0,  0)	 12 |	 | 13
-------------|-------------|------------	----|----|----
(-3, -3,  0) | (0, -3,  0) | (3, -3,  0)	 14 | 15 | 16

(-3,  3, -3) | (0,  3, -3) | (3,  3, -3)	 17 | 18 | 19
-------------|-------------|------------	----|----|----
(-3,  0, -3) | (0,  0, -3) | (3,  0, -3)	 20 | 21 | 22
-------------|-------------|------------	----|----|----
(-3, -3, -3) | (0, -3, -3) | (3, -3, -3)	 23 | 24 | 25


					---|
					   |
					  \ / 	
-3, 3, -3	-3, 3, 0	-3, 3, 3
-3, 0, -3	-3, 0, 0	-3, 0, 3
-3, -3, -3	-3, -3, 0	-3, -3, 3

 3, -3 ->  3,  3
 3,  3 -> -3,  3
-3,  3 -> -3, -3
-3, -3 ->  3, -3

3, 0 -> 0, 3
0, 3 -> -3, 0
-3, 0 -> 0, -3
0, -3 -> 3, 0
